# Number of vertices
100  
# Edges
    1    2
    1    3
    1    4
    1    7
    1    9
    1   10
    1   11
    1   14
    1   15
    1   17
    1   18
    1   20
    1   22
    1   23
    1   25
    1   28
    1   29
    1   32
    1   33
    1   34
    1   35
    1   36
    1   38
    1   39
    1   41
    1   43
    1   44
    1   46
    1   49
    1   55
    1   56
    1   61
    1   64
    1   66
    1   69
    1   72
    1   74
    1   77
    1   78
    1   79
    1   82
    1   83
    1   84
    1   85
    1   87
    1   88
    1   90
    1   91
    1   92
    1   99
    2    9
    2   10
    2   12
    2   13
    2   14
    2   17
    2   19
    2   20
    2   21
    2   29
    2   30
    2   31
    2   32
    2   35
    2   39
    2   40
    2   41
    2   43
    2   50
    2   52
    2   56
    2   57
    2   59
    2   64
    2   73
    2   74
    2   75
    2   76
    2   78
    2   80
    2   82
    2   84
    2   85
    2   90
    2   94
    2   95
    2   96
    2   98
    2   99
    2  100
    3    4
    3    5
    3    9
    3   12
    3   13
    3   14
    3   16
    3   18
    3   20
    3   21
    3   26
    3   28
    3   30
    3   33
    3   34
    3   35
    3   36
    3   38
    3   40
    3   43
    3   50
    3   51
    3   52
    3   55
    3   56
    3   58
    3   59
    3   61
    3   62
    3   67
    3   68
    3   69
    3   71
    3   75
    3   77
    3   83
    3   84
    3   86
    3   91
    3   93
    3   94
    3   95
    3   96
    3   97
    3   99
    4    5
    4    6
    4   11
    4   13
    4   14
    4   15
    4   17
    4   18
    4   19
    4   20
    4   21
    4   24
    4   25
    4   26
    4   31
    4   35
    4   36
    4   39
    4   42
    4   46
    4   47
    4   50
    4   51
    4   52
    4   53
    4   55
    4   61
    4   62
    4   64
    4   66
    4   67
    4   72
    4   74
    4   76
    4   77
    4   79
    4   81
    4   82
    4   83
    4   84
    4   85
    4   87
    4   90
    4   94
    4   96
    4   99
    5    6
    5    7
    5    9
    5   10
    5   13
    5   14
    5   20
    5   23
    5   24
    5   26
    5   31
    5   32
    5   33
    5   40
    5   41
    5   42
    5   43
    5   47
    5   48
    5   49
    5   52
    5   53
    5   54
    5   58
    5   60
    5   62
    5   64
    5   66
    5   67
    5   68
    5   69
    5   71
    5   72
    5   75
    5   78
    5   83
    5   86
    5   90
    5   92
    5   93
    5   95
    5   96
    5   97
    5   99
    5  100
    6    8
    6   10
    6   11
    6   16
    6   17
    6   18
    6   19
    6   21
    6   22
    6   23
    6   25
    6   29
    6   32
    6   33
    6   34
    6   35
    6   36
    6   43
    6   44
    6   45
    6   50
    6   51
    6   52
    6   54
    6   55
    6   56
    6   58
    6   62
    6   63
    6   65
    6   66
    6   68
    6   71
    6   72
    6   73
    6   74
    6   76
    6   77
    6   79
    6   82
    6   83
    6   86
    6   89
    6   90
    6   95
    6   96
    6   97
    6   98
    6   99
    7    8
    7    9
    7   10
    7   11
    7   13
    7   16
    7   17
    7   21
    7   24
    7   25
    7   26
    7   27
    7   29
    7   30
    7   31
    7   34
    7   37
    7   38
    7   41
    7   42
    7   43
    7   47
    7   48
    7   51
    7   52
    7   54
    7   55
    7   59
    7   62
    7   64
    7   65
    7   69
    7   71
    7   73
    7   75
    7   81
    7   86
    7   87
    7   88
    7   89
    7   90
    7   91
    7   93
    7   95
    7   96
    7   97
    7   98
    7   99
    7  100
    8   10
    8   11
    8   12
    8   16
    8   17
    8   18
    8   23
    8   28
    8   29
    8   33
    8   36
    8   39
    8   40
    8   41
    8   44
    8   45
    8   50
    8   51
    8   52
    8   53
    8   55
    8   59
    8   61
    8   68
    8   70
    8   71
    8   72
    8   78
    8   80
    8   81
    8   82
    8   87
    8   88
    8   91
    8   93
    8   94
    8   95
    8   96
    8   97
    8  100
    9   11
    9   13
    9   15
    9   17
    9   18
    9   20
    9   21
    9   22
    9   23
    9   24
    9   27
    9   28
    9   29
    9   32
    9   37
    9   39
    9   40
    9   41
    9   43
    9   45
    9   51
    9   52
    9   54
    9   55
    9   56
    9   57
    9   59
    9   60
    9   62
    9   66
    9   68
    9   69
    9   71
    9   72
    9   73
    9   77
    9   83
    9   84
    9   91
    9   94
    9   96
    9  100
   10   12
   10   13
   10   15
   10   21
   10   25
   10   26
   10   27
   10   28
   10   29
   10   30
   10   32
   10   35
   10   39
   10   42
   10   43
   10   44
   10   48
   10   49
   10   52
   10   57
   10   58
   10   59
   10   61
   10   63
   10   64
   10   66
   10   68
   10   71
   10   72
   10   74
   10   75
   10   80
   10   81
   10   84
   10   87
   10   90
   10   91
   10   92
   10   93
   10   95
   10   96
   10   97
   10  100
   11   14
   11   16
   11   17
   11   18
   11   19
   11   20
   11   22
   11   23
   11   30
   11   34
   11   37
   11   38
   11   40
   11   41
   11   42
   11   45
   11   46
   11   47
   11   48
   11   49
   11   51
   11   52
   11   53
   11   55
   11   56
   11   57
   11   58
   11   59
   11   60
   11   62
   11   63
   11   67
   11   68
   11   70
   11   71
   11   72
   11   74
   11   77
   11   78
   11   79
   11   80
   11   81
   11   82
   11   84
   11   88
   11   89
   11   91
   11   96
   11   97
   11   98
   12   13
   12   16
   12   18
   12   20
   12   21
   12   22
   12   24
   12   25
   12   26
   12   28
   12   34
   12   36
   12   39
   12   42
   12   44
   12   47
   12   48
   12   49
   12   51
   12   55
   12   58
   12   60
   12   62
   12   64
   12   67
   12   72
   12   75
   12   76
   12   77
   12   80
   12   81
   12   82
   12   84
   12   86
   12   88
   12   92
   12   93
   12   96
   12   98
   12   99
   13   14
   13   16
   13   17
   13   18
   13   19
   13   22
   13   23
   13   24
   13   30
   13   32
   13   33
   13   35
   13   36
   13   39
   13   41
   13   43
   13   46
   13   51
   13   52
   13   56
   13   58
   13   64
   13   65
   13   68
   13   69
   13   71
   13   74
   13   75
   13   76
   13   77
   13   79
   13   83
   13   84
   13   86
   13   87
   13   88
   13   89
   13   91
   13   92
   13   94
   13   96
   13   99
   13  100
   14   16
   14   17
   14   21
   14   23
   14   24
   14   27
   14   29
   14   32
   14   34
   14   38
   14   39
   14   42
   14   43
   14   45
   14   47
   14   51
   14   53
   14   54
   14   55
   14   60
   14   62
   14   63
   14   66
   14   67
   14   70
   14   73
   14   74
   14   76
   14   80
   14   82
   14   84
   14   86
   14   88
   14   90
   14   92
   14   93
   14   95
   14   96
   14   97
   14   99
   15   16
   15   17
   15   18
   15   20
   15   21
   15   23
   15   25
   15   26
   15   29
   15   31
   15   34
   15   35
   15   36
   15   37
   15   38
   15   41
   15   42
   15   44
   15   45
   15   47
   15   49
   15   51
   15   52
   15   55
   15   61
   15   62
   15   65
   15   67
   15   70
   15   72
   15   73
   15   77
   15   79
   15   80
   15   85
   15   88
   15   94
   15   96
   15   98
   15   99
   15  100
   16   18
   16   20
   16   24
   16   26
   16   29
   16   31
   16   33
   16   34
   16   37
   16   38
   16   39
   16   40
   16   43
   16   45
   16   46
   16   48
   16   49
   16   50
   16   54
   16   55
   16   58
   16   59
   16   60
   16   63
   16   65
   16   66
   16   67
   16   69
   16   70
   16   71
   16   72
   16   75
   16   77
   16   78
   16   79
   16   80
   16   82
   16   84
   16   85
   16   86
   16   88
   16   92
   16   95
   16   99
   17   18
   17   19
   17   20
   17   22
   17   29
   17   31
   17   34
   17   35
   17   36
   17   38
   17   40
   17   44
   17   45
   17   46
   17   48
   17   49
   17   51
   17   52
   17   54
   17   56
   17   58
   17   59
   17   63
   17   65
   17   67
   17   69
   17   77
   17   78
   17   79
   17   81
   17   82
   17   84
   17   86
   17   88
   17   89
   17   90
   17   91
   17   93
   17   95
   17   96
   17   97
   17   98
   17   99
   18   20
   18   23
   18   25
   18   26
   18   28
   18   34
   18   36
   18   37
   18   41
   18   43
   18   46
   18   47
   18   48
   18   51
   18   54
   18   57
   18   62
   18   63
   18   64
   18   67
   18   68
   18   70
   18   72
   18   74
   18   77
   18   79
   18   80
   18   81
   18   82
   18   83
   18   85
   18   88
   18   89
   18   90
   18   93
   18   97
   18   99
   18  100
   19   25
   19   28
   19   32
   19   33
   19   34
   19   36
   19   40
   19   45
   19   46
   19   50
   19   51
   19   52
   19   59
   19   60
   19   61
   19   64
   19   65
   19   66
   19   68
   19   69
   19   70
   19   71
   19   72
   19   75
   19   76
   19   77
   19   78
   19   80
   19   81
   19   83
   19   85
   19   86
   19   89
   19   90
   19   91
   19   93
   19   94
   19   97
   19   98
   20   21
   20   23
   20   24
   20   26
   20   28
   20   30
   20   32
   20   33
   20   37
   20   39
   20   42
   20   47
   20   49
   20   52
   20   54
   20   55
   20   58
   20   65
   20   66
   20   69
   20   70
   20   73
   20   76
   20   78
   20   81
   20   82
   20   85
   20   86
   20   87
   20   88
   20   90
   20   91
   20   98
   21   22
   21   26
   21   27
   21   28
   21   31
   21   34
   21   36
   21   39
   21   45
   21   46
   21   47
   21   48
   21   49
   21   50
   21   51
   21   54
   21   55
   21   56
   21   57
   21   60
   21   64
   21   65
   21   69
   21   70
   21   71
   21   75
   21   76
   21   78
   21   83
   21   84
   21   85
   21   86
   21   89
   21   90
   21   91
   21   92
   21   93
   21   94
   21   96
   21   99
   22   25
   22   27
   22   30
   22   31
   22   32
   22   35
   22   38
   22   39
   22   40
   22   41
   22   44
   22   45
   22   46
   22   47
   22   49
   22   50
   22   51
   22   52
   22   53
   22   54
   22   56
   22   58
   22   63
   22   66
   22   67
   22   68
   22   72
   22   73
   22   74
   22   75
   22   76
   22   77
   22   81
   22   87
   22   88
   22   89
   22   90
   22   91
   22   92
   22   94
   22   95
   22   97
   22   99
   23   25
   23   27
   23   34
   23   35
   23   37
   23   38
   23   41
   23   42
   23   43
   23   47
   23   48
   23   53
   23   55
   23   56
   23   57
   23   58
   23   59
   23   60
   23   63
   23   64
   23   65
   23   71
   23   72
   23   73
   23   75
   23   76
   23   77
   23   79
   23   80
   23   83
   23   84
   23   85
   23   86
   23   87
   23   88
   23   91
   23   92
   23   94
   23   95
   23   96
   23   99
   23  100
   24   25
   24   29
   24   30
   24   32
   24   33
   24   35
   24   36
   24   39
   24   40
   24   41
   24   42
   24   47
   24   48
   24   49
   24   54
   24   57
   24   58
   24   60
   24   61
   24   66
   24   67
   24   70
   24   71
   24   72
   24   73
   24   74
   24   75
   24   76
   24   77
   24   78
   24   81
   24   83
   24   89
   24   90
   24   91
   24   92
   24   93
   24   96
   24   97
   24   98
   24   99
   24  100
   25   26
   25   29
   25   34
   25   35
   25   44
   25   45
   25   49
   25   50
   25   51
   25   52
   25   53
   25   55
   25   56
   25   58
   25   60
   25   61
   25   62
   25   66
   25   67
   25   68
   25   69
   25   70
   25   72
   25   73
   25   74
   25   75
   25   79
   25   80
   25   83
   25   88
   25   89
   25   93
   25   94
   25   95
   25   99
   25  100
   26   27
   26   28
   26   29
   26   36
   26   37
   26   40
   26   41
   26   43
   26   44
   26   45
   26   48
   26   49
   26   51
   26   53
   26   54
   26   56
   26   59
   26   62
   26   63
   26   64
   26   65
   26   66
   26   68
   26   69
   26   71
   26   78
   26   79
   26   81
   26   83
   26   84
   26   86
   26   89
   26   90
   26   94
   26   95
   26   96
   26  100
   27   28
   27   31
   27   32
   27   33
   27   37
   27   44
   27   45
   27   46
   27   47
   27   48
   27   49
   27   50
   27   53
   27   54
   27   56
   27   58
   27   61
   27   62
   27   63
   27   65
   27   69
   27   72
   27   75
   27   77
   27   84
   27   86
   27   91
   27   93
   27   97
   27   99
   27  100
   28   30
   28   31
   28   34
   28   35
   28   37
   28   39
   28   42
   28   43
   28   44
   28   45
   28   46
   28   49
   28   50
   28   52
   28   53
   28   54
   28   56
   28   57
   28   60
   28   62
   28   64
   28   68
   28   69
   28   70
   28   71
   28   73
   28   74
   28   77
   28   78
   28   79
   28   84
   28   85
   28   89
   28   90
   28   91
   28   94
   28   95
   28   99
   28  100
   29   31
   29   32
   29   34
   29   35
   29   37
   29   39
   29   42
   29   43
   29   44
   29   45
   29   46
   29   47
   29   50
   29   51
   29   57
   29   60
   29   63
   29   64
   29   69
   29   72
   29   74
   29   77
   29   78
   29   79
   29   80
   29   81
   29   82
   29   83
   29   84
   29   87
   29   88
   29   91
   29   93
   29   94
   29   95
   29   96
   30   32
   30   33
   30   34
   30   35
   30   37
   30   38
   30   40
   30   43
   30   44
   30   45
   30   46
   30   49
   30   51
   30   54
   30   55
   30   57
   30   60
   30   61
   30   63
   30   64
   30   65
   30   68
   30   70
   30   73
   30   76
   30   79
   30   80
   30   81
   30   83
   30   85
   30   86
   30   87
   30   91
   30   92
   30   94
   30   96
   30  100
   31   32
   31   33
   31   34
   31   36
   31   38
   31   40
   31   41
   31   44
   31   46
   31   48
   31   50
   31   51
   31   52
   31   56
   31   57
   31   58
   31   63
   31   64
   31   70
   31   72
   31   75
   31   78
   31   80
   31   82
   31   84
   31   86
   31   91
   31   92
   31   93
   31   96
   31  100
   32   35
   32   38
   32   39
   32   40
   32   42
   32   43
   32   46
   32   47
   32   48
   32   51
   32   52
   32   55
   32   56
   32   57
   32   58
   32   59
   32   62
   32   63
   32   66
   32   67
   32   68
   32   70
   32   73
   32   74
   32   75
   32   76
   32   78
   32   81
   32   84
   32   85
   32   88
   32   93
   32   97
   32   98
   32  100
   33   37
   33   38
   33   39
   33   47
   33   52
   33   53
   33   60
   33   65
   33   66
   33   67
   33   71
   33   72
   33   73
   33   74
   33   75
   33   76
   33   80
   33   81
   33   82
   33   83
   33   87
   33   91
   33   92
   33   94
   33   96
   33   97
   34   35
   34   37
   34   42
   34   44
   34   48
   34   49
   34   50
   34   54
   34   55
   34   56
   34   57
   34   58
   34   62
   34   66
   34   68
   34   70
   34   76
   34   79
   34   81
   34   82
   34   85
   34   89
   34   91
   34   92
   34   94
   34   95
   34   96
   34   97
   34   98
   34   99
   35   36
   35   37
   35   38
   35   39
   35   40
   35   42
   35   43
   35   47
   35   48
   35   50
   35   53
   35   56
   35   58
   35   59
   35   60
   35   64
   35   65
   35   66
   35   67
   35   71
   35   72
   35   74
   35   75
   35   79
   35   81
   35   84
   35   86
   35   87
   35   89
   35   91
   35   92
   35   95
   35   98
   35   99
   36   38
   36   39
   36   40
   36   47
   36   48
   36   49
   36   50
   36   51
   36   52
   36   53
   36   54
   36   56
   36   57
   36   59
   36   63
   36   65
   36   66
   36   67
   36   68
   36   69
   36   70
   36   71
   36   73
   36   82
   36   83
   36   84
   36   85
   36   89
   36   94
   36   95
   36   96
   36   97
   36   98
   36   99
   36  100
   37   39
   37   40
   37   44
   37   46
   37   49
   37   50
   37   51
   37   52
   37   53
   37   54
   37   57
   37   62
   37   63
   37   65
   37   67
   37   68
   37   72
   37   78
   37   79
   37   80
   37   83
   37   84
   37   86
   37   87
   37   88
   37   89
   37   91
   37   93
   37   94
   37   96
   37   97
   37   98
   38   39
   38   40
   38   42
   38   45
   38   47
   38   48
   38   52
   38   53
   38   54
   38   55
   38   56
   38   57
   38   60
   38   61
   38   62
   38   63
   38   65
   38   66
   38   68
   38   69
   38   70
   38   73
   38   76
   38   78
   38   79
   38   80
   38   82
   38   83
   38   88
   38   91
   38   95
   38   96
   38   97
   38   98
   38  100
   39   40
   39   41
   39   42
   39   44
   39   46
   39   47
   39   48
   39   49
   39   51
   39   53
   39   54
   39   56
   39   57
   39   60
   39   62
   39   63
   39   65
   39   66
   39   67
   39   68
   39   72
   39   73
   39   74
   39   75
   39   77
   39   78
   39   79
   39   80
   39   84
   39   85
   39   87
   39   89
   39   90
   39   91
   39   92
   40   42
   40   45
   40   48
   40   49
   40   51
   40   52
   40   54
   40   56
   40   57
   40   58
   40   60
   40   61
   40   64
   40   65
   40   66
   40   68
   40   69
   40   72
   40   73
   40   76
   40   77
   40   82
   40   84
   40   88
   40   91
   40   93
   40   94
   40   95
   40   96
   40   97
   40   99
   40  100
   41   42
   41   43
   41   45
   41   46
   41   48
   41   49
   41   50
   41   51
   41   52
   41   53
   41   58
   41   59
   41   60
   41   62
   41   66
   41   71
   41   72
   41   73
   41   74
   41   76
   41   81
   41   84
   41   86
   41   88
   41   89
   41   93
   41   94
   41   95
   41   97
   41   99
   42   48
   42   50
   42   52
   42   55
   42   56
   42   57
   42   59
   42   60
   42   62
   42   67
   42   71
   42   72
   42   76
   42   77
   42   80
   42   82
   42   83
   42   87
   42   89
   42   91
   42   92
   42   93
   42   95
   42   99
   43   44
   43   45
   43   48
   43   50
   43   52
   43   57
   43   58
   43   60
   43   62
   43   63
   43   66
   43   69
   43   71
   43   72
   43   73
   43   77
   43   78
   43   81
   43   84
   43   85
   43   89
   43   91
   43   92
   43   94
   43   97
   43   98
   43   99
   44   47
   44   48
   44   49
   44   50
   44   51
   44   52
   44   54
   44   55
   44   57
   44   58
   44   59
   44   60
   44   62
   44   63
   44   64
   44   67
   44   68
   44   69
   44   72
   44   73
   44   74
   44   75
   44   77
   44   78
   44   79
   44   80
   44   81
   44   83
   44   84
   44   85
   44   87
   44   88
   44   89
   44   91
   44   94
   44   96
   44   97
   44   99
   45   46
   45   47
   45   48
   45   49
   45   50
   45   52
   45   54
   45   57
   45   67
   45   69
   45   72
   45   75
   45   76
   45   77
   45   78
   45   79
   45   80
   45   83
   45   85
   45   87
   45   89
   45   94
   45   97
   45   98
   45  100
   46   47
   46   50
   46   51
   46   52
   46   53
   46   55
   46   56
   46   57
   46   61
   46   62
   46   65
   46   67
   46   70
   46   71
   46   72
   46   77
   46   78
   46   79
   46   80
   46   82
   46   83
   46   84
   46   85
   46   93
   46   94
   46   95
   46   96
   46   97
   46   98
   46   99
   46  100
   47   48
   47   50
   47   51
   47   52
   47   54
   47   57
   47   66
   47   67
   47   71
   47   72
   47   73
   47   74
   47   75
   47   76
   47   77
   47   78
   47   79
   47   80
   47   85
   47   86
   47   87
   47   89
   47   90
   47   92
   47   93
   47   94
   47   96
   47   97
   47   98
   47  100
   48   50
   48   51
   48   52
   48   54
   48   55
   48   56
   48   57
   48   58
   48   59
   48   62
   48   63
   48   65
   48   67
   48   70
   48   72
   48   75
   48   76
   48   80
   48   81
   48   82
   48   83
   48   85
   48   95
   48   96
   48   97
   48   99
   48  100
   49   54
   49   56
   49   57
   49   58
   49   61
   49   63
   49   64
   49   65
   49   66
   49   70
   49   71
   49   72
   49   73
   49   76
   49   77
   49   78
   49   84
   49   85
   49   87
   49   88
   49   89
   49   91
   49   93
   49   94
   49   96
   50   52
   50   53
   50   54
   50   55
   50   56
   50   57
   50   59
   50   60
   50   61
   50   63
   50   65
   50   69
   50   70
   50   71
   50   72
   50   73
   50   76
   50   79
   50   80
   50   81
   50   82
   50   83
   50   84
   50   86
   50   87
   50   89
   50   90
   50   91
   50   92
   50   95
   50   96
   50   98
   51   52
   51   55
   51   56
   51   57
   51   59
   51   64
   51   66
   51   68
   51   70
   51   73
   51   74
   51   75
   51   76
   51   77
   51   79
   51   80
   51   81
   51   87
   51   89
   51   91
   51   93
   51   98
   52   53
   52   55
   52   58
   52   60
   52   62
   52   69
   52   72
   52   75
   52   76
   52   78
   52   80
   52   81
   52   82
   52   83
   52   85
   52   86
   52   87
   52   89
   52   90
   52   93
   52   94
   52  100
   53   54
   53   55
   53   56
   53   57
   53   58
   53   61
   53   62
   53   63
   53   64
   53   67
   53   68
   53   70
   53   74
   53   76
   53   77
   53   78
   53   79
   53   84
   53   85
   53   90
   53   93
   53   94
   53   95
   53   98
   53   99
   54   56
   54   57
   54   62
   54   63
   54   73
   54   74
   54   75
   54   77
   54   79
   54   80
   54   81
   54   83
   54   85
   54   86
   54   87
   54   89
   54   90
   54   91
   54   93
   54   94
   54   95
   54   98
   55   58
   55   60
   55   65
   55   66
   55   69
   55   70
   55   72
   55   73
   55   76
   55   77
   55   80
   55   84
   55   85
   55   86
   55   87
   55   89
   55   90
   55   92
   55   96
   55   97
   55   99
   55  100
   56   63
   56   64
   56   66
   56   68
   56   71
   56   72
   56   73
   56   74
   56   75
   56   80
   56   82
   56   83
   56   84
   56   86
   56   88
   56   89
   56   91
   56   95
   56  100
   57   58
   57   63
   57   64
   57   65
   57   66
   57   68
   57   69
   57   70
   57   72
   57   74
   57   75
   57   76
   57   78
   57   81
   57   83
   57   84
   57   85
   57   86
   57   87
   57   88
   57   90
   57   93
   57   95
   57   98
   57   99
   57  100
   58   59
   58   60
   58   61
   58   62
   58   63
   58   64
   58   66
   58   67
   58   68
   58   69
   58   73
   58   74
   58   75
   58   76
   58   78
   58   80
   58   82
   58   84
   58   85
   58   86
   58   88
   58   92
   58   93
   58   95
   58   96
   58   97
   58   98
   58   99
   59   61
   59   63
   59   64
   59   67
   59   69
   59   72
   59   73
   59   74
   59   77
   59   81
   59   82
   59   85
   59   86
   59   88
   59   89
   59   92
   59   93
   59   95
   59   97
   59   99
   60   61
   60   63
   60   64
   60   66
   60   68
   60   71
   60   72
   60   73
   60   74
   60   76
   60   78
   60   80
   60   83
   60   86
   60   89
   60   91
   60   92
   60   93
   60   95
   60  100
   61   62
   61   63
   61   64
   61   67
   61   69
   61   71
   61   72
   61   76
   61   77
   61   82
   61   83
   61   84
   61   85
   61   87
   61   90
   61   91
   61   94
   61   95
   61   98
   62   64
   62   66
   62   68
   62   70
   62   71
   62   72
   62   73
   62   74
   62   77
   62   78
   62   83
   62   86
   62   87
   62   90
   62   91
   62   92
   62   96
   62   98
   63   65
   63   67
   63   68
   63   70
   63   72
   63   76
   63   78
   63   84
   63   86
   63   89
   63   90
   63   91
   63   92
   63   93
   63   94
   63   95
   63   97
   63   98
   63  100
   64   65
   64   67
   64   69
   64   70
   64   71
   64   72
   64   73
   64   74
   64   80
   64   81
   64   82
   64   83
   64   87
   64   89
   64   90
   64   91
   64   92
   64   96
   64   99
   65   67
   65   70
   65   71
   65   72
   65   73
   65   74
   65   80
   65   81
   65   85
   65   86
   65   87
   65   94
   65   95
   65  100
   66   67
   66   69
   66   70
   66   71
   66   72
   66   73
   66   80
   66   81
   66   85
   66   86
   66   87
   66   90
   66   93
   66   94
   66   95
   66   98
   66  100
   67   70
   67   71
   67   74
   67   76
   67   78
   67   81
   67   83
   67   84
   67   87
   67   93
   67   95
   67   97
   67   98
   67   99
   67  100
   68   70
   68   71
   68   72
   68   73
   68   75
   68   78
   68   79
   68   80
   68   82
   68   83
   68   84
   68   88
   68   95
   68   96
   68   99
   69   70
   69   72
   69   73
   69   74
   69   75
   69   76
   69   79
   69   82
   69   84
   69   85
   69   86
   69   88
   69   95
   69   98
   70   71
   70   72
   70   73
   70   81
   70   83
   70   84
   70   85
   70   86
   70   87
   70   88
   70   90
   70   91
   70   92
   70   93
   70   96
   70   98
   70   99
   71   72
   71   74
   71   75
   71   78
   71   79
   71   80
   71   81
   71   82
   71   83
   71   86
   71   89
   71   92
   71   93
   71   95
   71   97
   71  100
   72   73
   72   74
   72   75
   72   80
   72   83
   72   84
   72   85
   72   86
   72   87
   72   88
   72   93
   72   94
   72   95
   72   96
   72   97
   72   98
   73   74
   73   77
   73   80
   73   81
   73   83
   73   84
   73   85
   73   88
   73   89
   73   90
   73   91
   73   93
   73   96
   73   97
   74   77
   74   80
   74   83
   74   84
   74   85
   74   87
   74   89
   74   91
   74   92
   74   93
   74   94
   74   95
   74   96
   74   97
   74   98
   74  100
   75   85
   75   87
   75   88
   75   89
   75   90
   75   91
   75   92
   75   94
   75   95
   75   96
   76   77
   76   78
   76   79
   76   86
   76   87
   76   90
   76   91
   76   93
   76   94
   76   95
   76   98
   76  100
   77   78
   77   79
   77   81
   77   82
   77   83
   77   84
   77   85
   77   88
   77   91
   77   97
   77   98
   77   99
   78   79
   78   81
   78   82
   78   83
   78   85
   78   86
   78   89
   78   91
   78   92
   78   94
   78   95
   78   96
   78   97
   79   81
   79   82
   79   83
   79   85
   79   88
   79   91
   79   92
   79   93
   79   94
   79   96
   79  100
   80   85
   80   86
   80   87
   80   90
   80   92
   80   93
   80   96
   80  100
   81   87
   81   89
   81   91
   81   92
   81   94
   81   99
   81  100
   82   85
   82   86
   82   87
   82   88
   82   91
   82   96
   82   98
   83   84
   83   85
   83   86
   83   88
   83   89
   83   94
   83   95
   83   97
   83   98
   83   99
   83  100
   84   88
   84   95
   84   96
   84   97
   84   98
   84   99
   84  100
   85   86
   85   87
   85   92
   85   94
   85   96
   85   99
   86   87
   86   92
   86   93
   86   97
   86   98
   86  100
   87   89
   87   90
   87   91
   87   96
   87   98
   87   99
   87  100
   88   90
   88   92
   88   95
   88   97
   89   90
   89   91
   89   92
   89   94
   89   96
   89   97
   89   99
   89  100
   90   94
   90   95
   90   96
   90   98
   91   98
   91   99
   92   93
   92   95
   92   96
   92   97
   93   94
   93   95
   93   96
   93   97
   93  100
   94   95
   94   98
   94  100
   95   97
   96   99
   96  100
   97   98
   97  100
   98   99
   98  100