# Number of vertices
50   
# Edges
    1    2
    1    3
    1    4
    1    7
    1    9
    1   10
    1   11
    1   14
    1   15
    1   17
    1   18
    1   20
    1   22
    1   23
    1   25
    1   28
    1   29
    1   32
    1   33
    1   34
    1   35
    1   36
    1   38
    1   39
    1   41
    1   43
    1   44
    1   46
    1   49
    2    7
    2    8
    2   13
    2   16
    2   18
    2   21
    2   24
    2   26
    2   29
    2   30
    2   31
    2   34
    2   35
    2   36
    2   37
    2   39
    2   40
    2   42
    2   43
    2   44
    3    4
    3   12
    3   13
    3   15
    3   16
    3   17
    3   20
    3   22
    3   23
    3   24
    3   32
    3   33
    3   34
    3   35
    3   38
    3   42
    3   43
    3   44
    3   46
    4    7
    4    9
    4   13
    4   14
    4   16
    4   21
    4   30
    4   31
    4   32
    4   33
    4   35
    4   37
    4   39
    4   41
    4   42
    4   47
    5    6
    5    7
    5    8
    5   10
    5   11
    5   12
    5   13
    5   14
    5   18
    5   21
    5   22
    5   23
    5   25
    5   27
    5   29
    5   30
    5   35
    5   37
    5   39
    5   42
    5   43
    5   44
    5   45
    5   47
    5   49
    6    8
    6   15
    6   16
    6   17
    6   20
    6   21
    6   23
    6   24
    6   26
    6   27
    6   32
    6   33
    6   34
    6   36
    6   40
    6   42
    6   48
    6   49
    7    8
    7   13
    7   15
    7   16
    7   17
    7   18
    7   19
    7   21
    7   23
    7   24
    7   29
    7   31
    7   32
    7   33
    7   35
    7   36
    7   37
    7   38
    7   39
    7   42
    7   43
    7   44
    7   49
    8   11
    8   12
    8   15
    8   18
    8   22
    8   23
    8   26
    8   27
    8   28
    8   29
    8   31
    8   37
    8   38
    8   40
    8   42
    8   43
    8   48
    8   50
    9   11
    9   12
    9   14
    9   16
    9   17
    9   18
    9   19
    9   20
    9   22
    9   25
    9   29
    9   31
    9   34
    9   36
    9   37
    9   39
    9   40
    9   43
    9   44
    9   50
   10   13
   10   14
   10   16
   10   21
   10   22
   10   23
   10   30
   10   31
   10   32
   10   33
   10   37
   10   38
   10   39
   10   42
   10   43
   10   44
   10   48
   10   50
   11   13
   11   15
   11   17
   11   18
   11   19
   11   20
   11   22
   11   23
   11   26
   11   29
   11   34
   11   37
   11   41
   11   43
   11   44
   11   46
   11   47
   11   48
   11   50
   12   13
   12   15
   12   17
   12   18
   12   23
   12   24
   12   25
   12   26
   12   28
   12   29
   12   30
   12   32
   12   36
   12   39
   12   40
   12   41
   12   42
   12   43
   12   50
   13   14
   13   15
   13   20
   13   21
   13   22
   13   24
   13   25
   13   26
   13   28
   13   32
   13   33
   13   35
   13   36
   13   38
   13   41
   13   42
   13   43
   13   44
   13   46
   13   47
   13   49
   14   16
   14   17
   14   20
   14   23
   14   24
   14   29
   14   30
   14   31
   14   32
   14   33
   14   35
   14   36
   14   37
   14   38
   14   40
   14   43
   14   44
   14   48
   15   16
   15   17
   15   18
   15   19
   15   21
   15   22
   15   23
   15   26
   15   29
   15   30
   15   33
   15   34
   15   35
   15   39
   15   40
   15   43
   15   44
   15   46
   15   47
   16   17
   16   20
   16   22
   16   23
   16   27
   16   29
   16   31
   16   33
   16   39
   16   44
   16   45
   16   46
   16   47
   16   48
   16   49
   17   18
   17   20
   17   21
   17   22
   17   23
   17   24
   17   25
   17   27
   17   28
   17   29
   17   33
   17   34
   17   35
   17   40
   17   45
   17   46
   17   50
   18   21
   18   24
   18   25
   18   26
   18   29
   18   30
   18   35
   18   36
   18   37
   18   38
   18   40
   18   44
   18   46
   19   22
   19   24
   19   25
   19   26
   19   32
   19   34
   19   35
   19   36
   19   41
   19   42
   19   45
   19   47
   19   48
   19   49
   19   50
   20   21
   20   24
   20   26
   20   28
   20   30
   20   32
   20   33
   20   35
   20   36
   20   37
   20   38
   20   39
   20   42
   20   43
   20   44
   20   47
   21   23
   21   25
   21   26
   21   27
   21   29
   21   31
   21   37
   21   38
   21   40
   21   41
   21   42
   21   43
   21   45
   21   46
   21   48
   22   24
   22   26
   22   27
   22   29
   22   30
   22   31
   22   35
   22   41
   22   42
   22   49
   23   25
   23   27
   23   31
   23   33
   23   34
   23   36
   23   42
   23   46
   23   47
   23   48
   23   49
   23   50
   24   25
   24   27
   24   30
   24   34
   24   37
   24   38
   24   39
   24   43
   24   44
   24   47
   25   27
   25   28
   25   29
   25   31
   25   33
   25   34
   25   36
   25   38
   25   41
   25   42
   25   44
   25   45
   25   50
   26   27
   26   30
   26   33
   26   36
   26   37
   26   38
   26   39
   26   41
   26   42
   26   43
   26   46
   26   49
   27   28
   27   29
   27   30
   27   31
   27   32
   27   34
   27   35
   27   42
   27   46
   27   49
   27   50
   28   30
   28   31
   28   32
   28   35
   28   36
   28   37
   28   38
   28   39
   28   41
   28   42
   28   43
   28   45
   28   46
   28   47
   28   48
   28   49
   28   50
   29   31
   29   32
   29   36
   29   37
   29   39
   29   40
   29   41
   29   43
   29   46
   29   47
   29   48
   29   49
   29   50
   30   31
   30   33
   30   37
   30   38
   30   40
   30   45
   30   46
   30   47
   30   50
   31   34
   31   36
   31   38
   31   39
   31   40
   31   42
   31   43
   31   44
   31   46
   32   34
   32   36
   32   39
   32   42
   32   44
   32   47
   32   48
   32   49
   33   34
   33   38
   33   41
   33   43
   33   45
   33   47
   33   50
   34   39
   34   42
   34   43
   34   44
   34   47
   34   48
   34   49
   35   36
   35   38
   35   40
   35   44
   35   45
   35   48
   35   50
   36   37
   36   39
   36   41
   36   42
   36   43
   36   44
   36   47
   36   48
   36   49
   37   42
   37   44
   37   45
   37   47
   37   48
   38   39
   38   41
   38   43
   38   46
   39   40
   39   41
   39   45
   39   47
   40   43
   40   44
   40   47
   40   48
   40   50
   41   44
   41   45
   41   46
   41   47
   41   49
   42   45
   42   46
   42   48
   42   49
   42   50
   43   44
   43   46
   43   47
   43   49
   44   45
   44   48
   44   49
   45   46
   45   47
   46   47
   46   49
   46   50
   47   50
   48   50
