# Number of vertices
250
# Edges (sparse)
1	10
1	13
1	29
1	30
1	44
1	53
1	63
1	66
1	70
1	88
1	94
1	118
1	119
1	129
1	134
1	137
1	143
1	152
1	155
1	157
1	162
1	186
1	197
1	202
1	211
1	226
1	227
1	237
1	242
2	20
2	34
2	38
2	47
2	59
2	60
2	76
2	78
2	80
2	88
2	90
2	101
2	102
2	103
2	140
2	141
2	148
2	151
2	165
2	172
2	174
2	177
2	195
2	200
2	205
2	215
2	226
2	228
2	232
2	236
3	20
3	35
3	37
3	40
3	43
3	44
3	45
3	51
3	60
3	61
3	93
3	100
3	105
3	106
3	108
3	114
3	123
3	139
3	141
3	152
3	161
3	174
3	192
3	196
3	197
3	205
3	211
3	238
3	247
3	249
4	9
4	19
4	21
4	27
4	43
4	55
4	61
4	64
4	71
4	96
4	107
4	108
4	123
4	140
4	156
4	180
4	183
4	185
4	195
4	202
4	207
4	212
4	227
4	230
4	233
4	239
4	246
5	6
5	26
5	33
5	34
5	46
5	55
5	56
5	57
5	60
5	62
5	84
5	92
5	93
5	124
5	135
5	138
5	148
5	157
5	176
5	197
5	218
5	220
5	227
6	12
6	23
6	27
6	28
6	35
6	61
6	67
6	89
6	93
6	99
6	113
6	119
6	121
6	124
6	127
6	132
6	133
6	140
6	144
6	151
6	162
6	167
6	176
6	205
6	234
6	236
6	239
7	11
7	20
7	27
7	59
7	63
7	66
7	71
7	73
7	78
7	80
7	84
7	86
7	98
7	103
7	105
7	108
7	115
7	121
7	130
7	137
7	163
7	174
7	176
7	184
7	186
7	198
7	206
7	212
7	214
7	218
7	229
7	230
7	233
7	239
7	240
7	244
7	248
8	14
8	16
8	18
8	21
8	26
8	27
8	34
8	39
8	40
8	50
8	52
8	61
8	81
8	86
8	100
8	108
8	116
8	119
8	123
8	141
8	170
8	179
8	186
8	193
8	201
8	214
8	225
8	232
8	236
8	250
9	18
9	25
9	29
9	33
9	44
9	49
9	60
9	61
9	67
9	76
9	77
9	78
9	82
9	83
9	86
9	98
9	120
9	121
9	133
9	148
9	149
9	152
9	156
9	172
9	175
9	190
9	191
9	194
9	207
9	209
9	215
9	222
9	224
9	226
9	229
9	235
9	238
9	246
10	13
10	24
10	26
10	38
10	43
10	51
10	59
10	69
10	70
10	89
10	90
10	108
10	111
10	130
10	138
10	143
10	144
10	154
10	155
10	160
10	166
10	174
10	175
10	176
10	177
10	178
10	190
10	196
10	232
10	240
11	35
11	39
11	44
11	50
11	54
11	58
11	61
11	76
11	84
11	87
11	88
11	90
11	93
11	132
11	144
11	160
11	164
11	170
11	176
11	177
11	182
11	186
11	191
11	196
11	208
11	215
11	228
11	234
11	246
11	247
12	26
12	31
12	32
12	51
12	74
12	76
12	79
12	88
12	99
12	122
12	126
12	136
12	137
12	153
12	162
12	168
12	175
12	181
12	182
12	194
12	195
12	202
12	205
12	229
12	241
13	22
13	28
13	44
13	46
13	51
13	60
13	90
13	91
13	93
13	99
13	111
13	115
13	121
13	142
13	146
13	148
13	166
13	174
13	198
13	209
13	226
13	228
13	230
13	242
14	16
14	19
14	30
14	39
14	46
14	51
14	58
14	65
14	68
14	77
14	79
14	89
14	92
14	93
14	110
14	114
14	116
14	117
14	126
14	129
14	130
14	131
14	148
14	167
14	171
14	184
14	190
14	196
14	199
14	209
14	231
14	248
15	19
15	20
15	23
15	29
15	31
15	47
15	58
15	63
15	67
15	72
15	78
15	82
15	84
15	97
15	98
15	101
15	102
15	118
15	126
15	132
15	167
15	177
15	193
15	195
15	200
15	202
15	207
15	211
15	219
15	242
16	18
16	19
16	28
16	38
16	39
16	55
16	56
16	64
16	70
16	72
16	81
16	123
16	124
16	127
16	130
16	143
16	147
16	151
16	156
16	159
16	167
16	180
16	200
16	204
16	208
16	212
16	215
16	233
16	234
16	240
17	20
17	33
17	35
17	38
17	47
17	50
17	54
17	57
17	93
17	115
17	116
17	117
17	145
17	146
17	156
17	157
17	161
17	167
17	172
17	173
17	181
17	182
17	205
17	221
17	225
17	229
17	234
18	34
18	53
18	75
18	108
18	115
18	119
18	121
18	161
18	175
18	208
18	219
18	234
18	236
18	241
18	248
19	20
19	30
19	33
19	35
19	45
19	74
19	75
19	96
19	117
19	120
19	121
19	134
19	146
19	155
19	156
19	165
19	169
19	177
19	180
19	182
19	183
19	190
19	191
19	214
19	220
19	227
19	240
19	241
19	243
20	28
20	31
20	40
20	50
20	52
20	53
20	63
20	69
20	77
20	100
20	101
20	111
20	114
20	118
20	123
20	126
20	132
20	133
20	142
20	156
20	157
20	179
20	193
20	201
20	212
20	238
20	241
20	244
20	245
21	37
21	59
21	66
21	68
21	70
21	76
21	85
21	86
21	89
21	93
21	120
21	139
21	144
21	149
21	153
21	158
21	165
21	168
21	171
21	172
21	191
21	193
21	204
21	208
21	211
21	214
21	218
21	225
21	229
21	232
21	244
21	245
22	35
22	43
22	50
22	60
22	79
22	83
22	84
22	85
22	96
22	99
22	128
22	144
22	145
22	153
22	155
22	158
22	163
22	169
22	180
22	182
22	184
22	186
22	188
22	199
22	233
22	242
23	27
23	31
23	35
23	37
23	58
23	61
23	66
23	68
23	71
23	83
23	89
23	94
23	109
23	112
23	121
23	141
23	143
23	145
23	153
23	155
23	159
23	163
23	165
23	166
23	168
23	177
23	184
23	186
23	188
23	195
23	202
23	204
23	205
23	212
23	213
23	222
23	224
23	238
23	241
24	27
24	36
24	39
24	49
24	53
24	54
24	70
24	82
24	85
24	88
24	97
24	100
24	106
24	123
24	140
24	141
24	144
24	146
24	156
24	157
24	159
24	160
24	162
24	167
24	179
24	186
24	189
24	195
24	201
24	202
24	203
24	207
24	228
24	231
24	237
24	245
24	248
25	27
25	36
25	55
25	64
25	72
25	78
25	80
25	101
25	110
25	111
25	115
25	123
25	134
25	145
25	159
25	185
25	190
25	191
25	208
25	235
25	241
25	243
25	244
25	250
26	43
26	46
26	70
26	75
26	78
26	87
26	113
26	130
26	146
26	154
26	163
26	166
26	172
26	194
26	201
26	212
26	215
26	219
26	220
26	224
26	230
26	235
26	238
26	239
27	28
27	31
27	33
27	64
27	75
27	82
27	109
27	112
27	118
27	123
27	129
27	138
27	144
27	150
27	158
27	164
27	168
27	169
27	182
27	192
27	196
27	209
27	211
27	214
27	216
27	217
27	219
27	222
27	225
27	242
27	246
27	249
27	250
28	33
28	35
28	46
28	52
28	67
28	82
28	91
28	93
28	100
28	101
28	102
28	103
28	105
28	109
28	111
28	112
28	114
28	117
28	121
28	123
28	126
28	130
28	148
28	150
28	158
28	163
28	170
28	175
28	179
28	184
28	188
28	194
28	197
28	207
28	211
28	217
28	229
28	240
29	31
29	37
29	39
29	50
29	53
29	62
29	74
29	91
29	92
29	93
29	105
29	108
29	113
29	123
29	124
29	125
29	149
29	158
29	164
29	196
29	199
29	204
29	247
30	42
30	43
30	64
30	76
30	84
30	93
30	94
30	95
30	99
30	100
30	107
30	111
30	115
30	118
30	129
30	131
30	157
30	160
30	176
30	183
30	190
30	200
30	214
30	219
30	232
30	234
30	241
31	38
31	47
31	50
31	59
31	67
31	72
31	75
31	89
31	91
31	101
31	106
31	107
31	115
31	117
31	127
31	131
31	134
31	153
31	154
31	160
31	161
31	181
31	185
31	217
31	226
31	227
31	229
31	240
32	33
32	36
32	37
32	42
32	49
32	52
32	67
32	73
32	89
32	102
32	103
32	113
32	127
32	133
32	140
32	141
32	150
32	152
32	165
32	171
32	176
32	194
32	199
32	205
32	207
32	233
32	236
32	241
32	247
33	50
33	60
33	61
33	82
33	86
33	88
33	90
33	93
33	94
33	103
33	104
33	117
33	121
33	123
33	125
33	136
33	140
33	151
33	172
33	175
33	187
33	197
33	201
33	203
33	216
33	218
33	224
33	233
33	237
33	240
33	246
34	35
34	40
34	47
34	51
34	70
34	73
34	76
34	96
34	101
34	118
34	119
34	135
34	147
34	156
34	157
34	161
34	164
34	179
34	181
34	186
34	189
34	190
34	204
34	209
34	226
34	233
34	242
34	243
35	36
35	46
35	49
35	50
35	61
35	67
35	79
35	84
35	85
35	89
35	98
35	99
35	100
35	105
35	106
35	109
35	115
35	118
35	122
35	124
35	129
35	132
35	134
35	146
35	148
35	182
35	192
35	193
35	197
35	217
35	218
35	220
35	226
36	42
36	48
36	57
36	58
36	59
36	67
36	68
36	73
36	77
36	84
36	101
36	103
36	108
36	115
36	124
36	126
36	143
36	145
36	148
36	151
36	161
36	167
36	170
36	176
36	186
36	187
36	198
36	202
36	208
36	209
36	218
36	221
36	226
36	227
36	228
36	238
37	39
37	45
37	46
37	50
37	52
37	57
37	62
37	64
37	98
37	101
37	103
37	106
37	108
37	114
37	116
37	126
37	128
37	131
37	151
37	155
37	183
37	187
37	207
37	210
37	222
37	236
37	239
37	243
37	250
38	43
38	49
38	51
38	55
38	60
38	65
38	68
38	69
38	82
38	88
38	101
38	106
38	111
38	120
38	122
38	125
38	134
38	141
38	143
38	154
38	161
38	162
38	169
38	172
38	192
38	202
38	205
38	214
38	219
38	220
38	236
38	237
38	246
39	45
39	50
39	60
39	67
39	98
39	108
39	111
39	114
39	139
39	148
39	152
39	159
39	174
39	176
39	183
39	189
39	190
39	195
39	196
39	207
39	212
39	213
39	221
39	226
39	227
39	248
40	48
40	53
40	63
40	68
40	78
40	90
40	95
40	101
40	102
40	121
40	123
40	126
40	127
40	148
40	153
40	160
40	162
40	165
40	180
40	217
40	222
40	229
40	246
41	42
41	45
41	49
41	58
41	80
41	83
41	88
41	90
41	102
41	111
41	124
41	135
41	146
41	151
41	169
41	175
41	181
41	191
41	206
41	216
41	219
41	234
42	56
42	60
42	63
42	65
42	72
42	75
42	76
42	81
42	101
42	104
42	109
42	114
42	115
42	119
42	126
42	132
42	185
42	192
42	193
42	197
42	201
42	206
42	218
42	238
42	248
43	46
43	62
43	70
43	72
43	73
43	77
43	82
43	83
43	94
43	95
43	98
43	109
43	116
43	137
43	147
43	152
43	165
43	188
43	211
43	214
43	219
43	222
43	224
43	232
43	244
44	50
44	58
44	69
44	71
44	75
44	76
44	86
44	87
44	103
44	110
44	111
44	113
44	117
44	121
44	135
44	136
44	137
44	144
44	157
44	163
44	168
44	178
44	188
44	198
44	201
44	215
44	223
44	235
44	237
44	242
44	250
45	54
45	66
45	73
45	84
45	89
45	91
45	101
45	106
45	112
45	113
45	139
45	141
45	146
45	170
45	171
45	172
45	180
45	181
45	183
45	195
45	203
45	220
45	230
45	239
45	244
45	250
46	65
46	72
46	74
46	79
46	80
46	89
46	90
46	105
46	113
46	115
46	137
46	142
46	155
46	171
46	189
46	195
46	201
46	216
46	226
46	235
46	240
46	241
47	49
47	51
47	54
47	57
47	67
47	73
47	79
47	89
47	105
47	108
47	113
47	116
47	123
47	134
47	137
47	144
47	145
47	150
47	161
47	166
47	170
47	171
47	172
47	175
47	183
47	187
47	188
47	199
47	203
47	205
47	208
47	212
47	237
47	245
48	56
48	57
48	82
48	103
48	111
48	117
48	121
48	137
48	139
48	140
48	147
48	148
48	149
48	163
48	168
48	184
48	191
48	195
48	201
48	203
48	215
48	216
48	217
48	220
48	227
48	228
48	229
48	233
48	241
49	63
49	69
49	77
49	83
49	86
49	92
49	110
49	126
49	140
49	160
49	164
49	166
49	169
49	175
49	176
49	182
49	185
49	189
49	201
49	219
49	224
49	230
49	234
49	247
50	66
50	71
50	76
50	90
50	93
50	101
50	111
50	113
50	116
50	120
50	121
50	123
50	152
50	158
50	163
50	170
50	171
50	181
50	203
50	205
50	214
50	229
50	231
50	239
50	240
50	248
50	250
51	52
51	55
51	64
51	98
51	101
51	107
51	109
51	110
51	114
51	121
51	134
51	138
51	140
51	146
51	148
51	151
51	155
51	158
51	160
51	178
51	197
51	211
51	238
51	239
51	242
51	248
52	56
52	63
52	64
52	86
52	94
52	95
52	96
52	104
52	112
52	116
52	120
52	123
52	128
52	142
52	143
52	149
52	151
52	153
52	154
52	155
52	160
52	161
52	168
52	171
52	174
52	176
52	188
52	195
52	196
52	204
52	217
52	222
52	228
52	233
52	235
53	71
53	82
53	87
53	100
53	103
53	104
53	111
53	141
53	148
53	149
53	157
53	159
53	160
53	161
53	166
53	188
53	190
53	209
53	213
53	215
53	217
53	237
53	240
53	242
54	60
54	65
54	70
54	97
54	100
54	121
54	123
54	142
54	143
54	155
54	168
54	171
54	181
54	184
54	185
54	204
54	208
54	214
54	219
54	238
54	239
54	241
54	245
55	58
55	64
55	79
55	83
55	93
55	130
55	134
55	153
55	159
55	162
55	168
55	173
55	174
55	175
55	179
55	183
55	190
55	194
55	217
55	226
55	227
55	239
55	243
55	245
55	248
56	58
56	74
56	77
56	82
56	83
56	87
56	88
56	97
56	101
56	106
56	113
56	116
56	123
56	131
56	151
56	153
56	156
56	176
56	181
56	197
56	204
56	206
56	207
56	208
56	209
56	217
56	235
56	238
56	239
56	248
56	250
57	59
57	68
57	78
57	81
57	92
57	100
57	111
57	123
57	132
57	139
57	148
57	154
57	155
57	159
57	177
57	180
57	181
57	183
57	188
57	189
57	191
57	193
57	196
57	198
57	199
57	202
57	205
57	211
57	226
57	227
57	230
57	233
57	238
57	242
57	248
58	59
58	70
58	73
58	82
58	96
58	102
58	103
58	105
58	109
58	112
58	114
58	126
58	128
58	133
58	141
58	144
58	148
58	165
58	174
58	179
58	180
58	183
58	186
58	206
58	207
58	208
58	214
58	224
58	227
58	234
58	235
58	238
58	241
58	242
58	249
59	60
59	110
59	124
59	129
59	135
59	167
59	179
59	183
59	186
59	192
59	194
59	203
59	214
59	222
59	225
59	230
59	231
59	233
59	234
59	236
59	238
60	62
60	77
60	79
60	80
60	82
60	90
60	92
60	97
60	100
60	102
60	103
60	108
60	112
60	117
60	119
60	121
60	186
60	187
60	188
60	189
60	192
60	196
60	202
60	208
60	211
60	215
60	224
60	226
60	229
60	232
60	236
60	239
60	244
60	250
61	68
61	70
61	72
61	76
61	79
61	91
61	94
61	99
61	107
61	125
61	126
61	149
61	155
61	165
61	168
61	179
61	185
61	186
61	188
61	197
61	208
61	213
61	217
61	220
61	222
61	223
61	229
61	246
61	248
62	63
62	92
62	102
62	108
62	121
62	125
62	127
62	131
62	145
62	148
62	164
62	169
62	170
62	183
62	185
62	195
62	205
62	212
62	213
62	243
62	245
62	249
63	65
63	67
63	81
63	85
63	87
63	89
63	97
63	107
63	109
63	118
63	120
63	122
63	123
63	129
63	132
63	143
63	146
63	147
63	158
63	161
63	162
63	168
63	172
63	177
63	178
63	179
63	181
63	183
63	186
63	187
63	213
63	218
63	238
63	239
64	82
64	83
64	84
64	97
64	99
64	104
64	109
64	127
64	128
64	131
64	132
64	142
64	154
64	176
64	186
64	193
64	207
64	208
64	212
64	218
64	225
64	226
64	230
64	233
64	245
65	70
65	95
65	99
65	108
65	109
65	120
65	144
65	153
65	165
65	171
65	172
65	175
65	186
65	192
65	199
65	205
65	213
65	225
65	227
65	229
65	230
65	231
65	233
65	237
65	239
66	68
66	69
66	74
66	77
66	83
66	90
66	91
66	97
66	103
66	114
66	115
66	129
66	131
66	142
66	146
66	152
66	154
66	159
66	184
66	195
66	231
66	235
66	240
66	244
67	70
67	71
67	81
67	82
67	87
67	88
67	94
67	97
67	105
67	107
67	116
67	117
67	120
67	126
67	135
67	138
67	149
67	153
67	158
67	169
67	174
67	178
67	179
67	185
67	188
67	193
67	194
67	203
67	214
67	226
67	236
67	239
67	245
67	250
68	69
68	71
68	84
68	88
68	94
68	96
68	100
68	104
68	148
68	151
68	153
68	154
68	155
68	157
68	160
68	167
68	175
68	176
68	177
68	179
68	196
68	210
68	212
68	216
68	220
68	239
68	250
69	75
69	81
69	82
69	85
69	86
69	101
69	119
69	129
69	137
69	143
69	153
69	167
69	170
69	174
69	177
69	182
69	198
69	209
69	212
69	213
69	214
69	236
69	239
69	246
70	74
70	83
70	91
70	96
70	98
70	100
70	102
70	111
70	117
70	118
70	131
70	146
70	160
70	172
70	175
70	186
70	190
70	191
70	197
70	223
70	232
70	240
70	244
70	249
71	73
71	78
71	87
71	98
71	105
71	117
71	120
71	124
71	128
71	131
71	134
71	139
71	142
71	146
71	177
71	179
71	195
71	204
71	211
71	219
71	222
71	225
71	232
71	233
71	241
71	245
72	79
72	90
72	92
72	97
72	108
72	116
72	118
72	123
72	124
72	127
72	135
72	139
72	140
72	151
72	155
72	156
72	157
72	164
72	184
72	189
72	190
72	194
72	195
72	215
72	223
72	229
72	232
72	233
72	235
72	236
72	238
72	240
72	245
73	77
73	79
73	80
73	82
73	94
73	96
73	105
73	109
73	114
73	117
73	128
73	133
73	137
73	143
73	145
73	159
73	170
73	171
73	177
73	178
73	180
73	182
73	184
73	187
73	192
73	193
73	222
73	224
73	228
73	229
73	231
73	238
73	243
74	77
74	78
74	91
74	94
74	97
74	99
74	104
74	110
74	114
74	118
74	145
74	149
74	160
74	161
74	166
74	185
74	190
74	192
74	202
74	209
74	216
74	218
74	219
74	226
74	233
74	235
74	237
74	245
74	250
75	81
75	84
75	93
75	102
75	106
75	107
75	110
75	121
75	124
75	141
75	146
75	147
75	154
75	156
75	161
75	163
75	173
75	180
75	193
75	197
75	202
75	204
75	205
75	216
75	221
75	239
75	240
75	245
76	78
76	79
76	94
76	96
76	101
76	105
76	107
76	110
76	117
76	125
76	136
76	146
76	157
76	159
76	160
76	188
76	192
76	196
76	199
76	207
76	211
76	228
76	232
76	250
77	79
77	83
77	93
77	94
77	101
77	111
77	118
77	122
77	126
77	128
77	138
77	141
77	142
77	149
77	155
77	156
77	157
77	159
77	174
77	188
77	189
77	194
77	196
77	202
77	206
77	210
77	220
77	225
77	238
77	245
77	246
77	249
78	81
78	87
78	93
78	94
78	101
78	105
78	109
78	110
78	113
78	114
78	123
78	126
78	130
78	132
78	133
78	134
78	139
78	144
78	147
78	149
78	159
78	162
78	166
78	182
78	188
78	191
78	192
78	193
78	202
78	205
78	206
78	230
78	231
78	234
78	235
78	237
78	241
78	250
79	92
79	114
79	122
79	135
79	136
79	151
79	164
79	171
79	179
79	190
79	193
79	196
79	208
79	215
79	216
79	217
79	230
79	231
79	234
80	83
80	88
80	92
80	99
80	108
80	109
80	116
80	117
80	118
80	130
80	140
80	143
80	144
80	151
80	152
80	157
80	163
80	166
80	173
80	174
80	186
80	189
80	191
80	198
80	203
80	208
80	220
80	224
80	226
80	229
80	238
80	248
81	87
81	96
81	100
81	103
81	104
81	110
81	113
81	120
81	122
81	126
81	130
81	135
81	141
81	144
81	162
81	166
81	167
81	171
81	178
81	179
81	184
81	197
81	206
81	216
81	241
81	250
82	88
82	92
82	102
82	107
82	123
82	134
82	141
82	153
82	154
82	174
82	182
82	189
82	197
82	198
82	199
82	201
82	207
82	210
82	220
82	233
82	237
82	239
82	249
83	94
83	101
83	107
83	110
83	111
83	113
83	116
83	118
83	120
83	123
83	125
83	127
83	135
83	136
83	138
83	143
83	145
83	147
83	151
83	162
83	164
83	167
83	172
83	175
83	180
83	181
83	190
83	215
83	219
83	233
83	237
84	88
84	93
84	103
84	107
84	111
84	118
84	120
84	122
84	123
84	127
84	142
84	144
84	150
84	165
84	166
84	168
84	172
84	176
84	184
84	187
84	188
84	203
84	206
84	207
84	209
84	215
84	221
84	223
84	224
84	228
84	233
84	235
84	238
84	239
84	241
84	245
84	247
85	90
85	93
85	94
85	96
85	101
85	115
85	118
85	142
85	143
85	150
85	155
85	160
85	161
85	164
85	167
85	168
85	169
85	177
85	183
85	199
85	200
85	209
85	218
85	223
85	233
85	240
85	247
85	250
86	91
86	93
86	99
86	102
86	104
86	105
86	106
86	107
86	108
86	122
86	124
86	128
86	134
86	136
86	143
86	155
86	159
86	172
86	176
86	179
86	200
86	201
86	220
86	224
86	232
86	243
86	248
87	95
87	96
87	98
87	101
87	105
87	108
87	113
87	120
87	123
87	126
87	139
87	146
87	149
87	152
87	153
87	156
87	163
87	164
87	165
87	169
87	171
87	174
87	176
87	180
87	184
87	186
87	189
87	191
87	196
87	198
87	208
87	211
87	215
87	216
87	220
87	240
87	247
88	90
88	94
88	103
88	105
88	107
88	108
88	109
88	112
88	124
88	125
88	156
88	167
88	175
88	177
88	183
88	189
88	190
88	191
88	203
88	210
88	211
88	219
88	238
88	244
88	249
88	250
89	90
89	98
89	99
89	101
89	103
89	106
89	113
89	114
89	129
89	137
89	141
89	142
89	147
89	153
89	159
89	161
89	165
89	175
89	178
89	182
89	190
89	194
89	196
89	204
89	217
89	218
89	220
89	221
89	227
89	229
89	231
89	232
89	235
89	240
89	243
89	245
90	94
90	99
90	100
90	111
90	117
90	127
90	131
90	137
90	141
90	142
90	147
90	148
90	154
90	166
90	169
90	188
90	191
90	206
90	214
90	225
90	241
91	92
91	95
91	107
91	117
91	118
91	133
91	135
91	138
91	141
91	144
91	149
91	156
91	157
91	160
91	162
91	165
91	166
91	170
91	173
91	175
91	178
91	180
91	183
91	185
91	197
91	203
91	222
91	223
91	225
91	226
91	245
91	246
91	248
92	97
92	100
92	101
92	102
92	106
92	116
92	122
92	126
92	130
92	136
92	139
92	145
92	147
92	148
92	156
92	169
92	176
92	180
92	186
92	188
92	194
92	211
92	217
92	240
92	242
93	95
93	111
93	132
93	134
93	141
93	142
93	145
93	162
93	178
93	189
93	192
93	193
93	201
93	205
93	216
93	229
93	249
94	98
94	100
94	120
94	135
94	140
94	146
94	147
94	153
94	162
94	163
94	164
94	167
94	169
94	181
94	183
94	193
94	196
94	202
94	203
94	204
94	205
94	209
94	215
94	220
94	230
94	236
94	238
94	242
94	245
95	102
95	103
95	104
95	107
95	108
95	113
95	118
95	122
95	124
95	127
95	135
95	137
95	138
95	141
95	163
95	165
95	171
95	182
95	184
95	185
95	190
95	192
95	196
95	201
95	207
95	213
95	221
95	226
95	235
95	239
95	243
95	247
96	103
96	117
96	122
96	131
96	139
96	141
96	143
96	151
96	152
96	165
96	166
96	167
96	177
96	178
96	179
96	181
96	189
96	190
96	203
96	205
96	206
96	210
96	213
96	222
96	240
97	98
97	102
97	111
97	124
97	125
97	127
97	131
97	132
97	136
97	141
97	143
97	145
97	150
97	151
97	154
97	159
97	166
97	172
97	173
97	175
97	176
97	180
97	192
97	197
97	204
97	210
97	214
97	219
97	223
97	225
97	232
97	243
97	245
98	110
98	122
98	127
98	133
98	138
98	145
98	147
98	149
98	151
98	152
98	153
98	154
98	156
98	170
98	181
98	188
98	198
98	210
98	242
98	248
99	104
99	106
99	107
99	112
99	120
99	125
99	131
99	137
99	141
99	144
99	158
99	167
99	170
99	177
99	183
99	186
99	193
99	194
99	201
99	205
99	209
99	211
99	220
99	225
99	232
100	110
100	115
100	120
100	125
100	141
100	148
100	152
100	153
100	155
100	165
100	168
100	173
100	174
100	180
100	183
100	184
100	187
100	193
100	195
100	196
100	198
100	203
100	221
100	230
100	234
100	237
100	241
100	242
100	248
100	250
101	102
101	108
101	121
101	132
101	133
101	143
101	146
101	150
101	156
101	157
101	163
101	164
101	169
101	173
101	175
101	176
101	179
101	206
101	207
101	208
101	211
101	216
101	223
101	230
101	231
101	238
101	245
102	115
102	116
102	124
102	140
102	143
102	146
102	152
102	156
102	158
102	165
102	183
102	195
102	198
102	208
102	209
102	213
102	222
102	223
102	225
102	229
102	234
102	243
102	244
102	248
103	123
103	133
103	143
103	145
103	147
103	148
103	150
103	157
103	164
103	165
103	169
103	181
103	182
103	185
103	186
103	196
103	202
103	206
103	209
103	211
103	215
103	218
103	223
103	225
103	226
103	228
103	241
103	244
103	247
103	249
104	107
104	109
104	111
104	118
104	123
104	128
104	131
104	132
104	133
104	143
104	169
104	172
104	176
104	178
104	180
104	184
104	192
104	195
104	198
104	199
104	200
104	206
104	207
104	211
104	215
104	218
104	221
104	227
104	233
104	241
104	244
104	247
104	249
104	250
105	117
105	126
105	128
105	129
105	144
105	152
105	160
105	161
105	163
105	169
105	175
105	177
105	184
105	212
105	216
105	217
105	222
105	223
105	232
105	233
105	236
105	240
105	241
105	246
106	112
106	116
106	122
106	123
106	126
106	152
106	165
106	180
106	183
106	185
106	196
106	198
106	210
106	211
106	212
106	213
106	215
106	216
106	220
106	223
106	230
106	231
106	240
106	241
106	248
107	108
107	111
107	122
107	129
107	131
107	134
107	139
107	140
107	144
107	145
107	147
107	153
107	154
107	161
107	162
107	165
107	181
107	182
107	183
107	184
107	192
107	199
107	207
107	209
107	210
107	211
107	212
107	216
107	217
107	218
107	224
107	235
107	238
107	240
107	243
107	249
107	250
108	110
108	111
108	117
108	122
108	123
108	124
108	125
108	127
108	129
108	134
108	143
108	145
108	148
108	151
108	157
108	158
108	177
108	185
108	192
108	196
108	202
108	203
108	204
108	212
108	214
108	220
108	225
108	227
108	232
108	236
108	238
108	241
108	247
109	113
109	114
109	121
109	124
109	126
109	128
109	129
109	133
109	156
109	161
109	167
109	172
109	173
109	189
109	192
109	197
109	208
109	210
109	216
109	224
109	233
109	237
109	238
109	242
109	246
109	249
110	113
110	121
110	123
110	125
110	130
110	133
110	142
110	149
110	152
110	157
110	168
110	173
110	175
110	178
110	184
110	185
110	187
110	199
110	209
110	220
110	224
110	230
110	240
110	243
110	245
111	113
111	115
111	122
111	124
111	126
111	131
111	149
111	152
111	164
111	167
111	171
111	173
111	176
111	177
111	192
111	193
111	205
111	219
111	228
111	243
111	244
111	246
111	249
112	116
112	118
112	140
112	141
112	142
112	143
112	159
112	160
112	168
112	176
112	177
112	180
112	184
112	185
112	189
112	190
112	196
112	214
112	218
112	224
112	238
112	240
112	250
113	116
113	137
113	138
113	139
113	146
113	152
113	170
113	173
113	175
113	176
113	187
113	193
113	195
113	200
113	207
113	209
113	211
113	213
113	214
113	218
113	227
113	233
113	239
113	250
114	126
114	131
114	132
114	134
114	145
114	157
114	158
114	163
114	171
114	173
114	175
114	176
114	177
114	186
114	189
114	190
114	194
114	197
114	206
114	222
114	225
114	226
114	239
114	240
114	243
114	246
115	126
115	131
115	137
115	139
115	146
115	148
115	153
115	154
115	164
115	166
115	176
115	177
115	180
115	185
115	189
115	193
115	195
115	196
115	200
115	202
115	205
115	218
115	229
115	231
115	232
115	233
116	118
116	120
116	123
116	131
116	133
116	144
116	150
116	151
116	159
116	165
116	167
116	168
116	176
116	179
116	180
116	190
116	192
116	193
116	194
116	195
116	197
116	198
116	200
116	203
116	207
116	212
116	215
116	219
116	228
116	230
116	231
116	234
116	236
116	240
116	242
116	250
117	118
117	130
117	132
117	135
117	153
117	158
117	161
117	164
117	166
117	168
117	173
117	179
117	184
117	186
117	191
117	196
117	199
117	208
117	210
117	225
117	229
117	231
117	233
117	239
117	243
118	124
118	126
118	129
118	132
118	134
118	141
118	142
118	154
118	157
118	172
118	179
118	184
118	187
118	195
118	202
118	207
118	209
118	211
118	216
118	217
118	219
118	220
118	223
118	224
118	227
118	237
118	240
118	242
118	243
118	248
119	120
119	123
119	125
119	126
119	128
119	129
119	132
119	133
119	134
119	145
119	149
119	150
119	153
119	158
119	163
119	165
119	173
119	175
119	177
119	178
119	179
119	180
119	184
119	186
119	190
119	191
119	199
119	200
119	201
119	211
119	214
119	218
119	219
119	220
119	225
119	226
119	228
119	230
119	238
119	242
120	127
120	129
120	131
120	143
120	149
120	160
120	164
120	167
120	168
120	169
120	176
120	178
120	179
120	188
120	203
120	206
120	225
120	243
121	122
121	123
121	127
121	128
121	146
121	151
121	152
121	153
121	156
121	172
121	181
121	185
121	190
121	192
121	194
121	195
121	202
121	214
121	215
121	216
121	221
121	224
121	240
121	244
121	248
122	125
122	134
122	138
122	139
122	141
122	142
122	148
122	149
122	152
122	155
122	159
122	173
122	174
122	177
122	188
122	192
122	199
122	201
122	212
122	218
122	233
122	235
122	240
122	244
122	247
123	129
123	130
123	141
123	144
123	146
123	154
123	158
123	160
123	161
123	173
123	174
123	176
123	177
123	184
123	196
123	204
123	207
123	234
123	238
123	240
123	244
123	245
123	249
124	125
124	129
124	132
124	139
124	140
124	142
124	146
124	150
124	151
124	168
124	175
124	178
124	185
124	187
124	191
124	194
124	197
124	199
124	202
124	207
124	212
124	217
124	223
124	224
124	230
124	237
124	243
125	128
125	134
125	136
125	146
125	151
125	152
125	154
125	156
125	159
125	162
125	164
125	165
125	166
125	169
125	191
125	193
125	194
125	197
125	200
125	204
125	210
125	221
125	224
125	228
125	230
125	238
125	240
126	139
126	141
126	154
126	163
126	164
126	167
126	174
126	176
126	179
126	180
126	182
126	183
126	185
126	189
126	196
126	197
126	208
126	210
126	214
126	222
126	229
126	234
126	240
126	241
126	249
127	131
127	134
127	142
127	145
127	151
127	152
127	163
127	168
127	169
127	177
127	180
127	195
127	196
127	197
127	202
127	205
127	206
127	211
127	214
127	220
127	223
127	226
127	229
127	233
127	237
127	245
127	249
128	129
128	130
128	131
128	133
128	137
128	138
128	139
128	142
128	146
128	148
128	149
128	159
128	163
128	169
128	174
128	181
128	184
128	185
128	186
128	187
128	192
128	196
128	200
128	202
128	206
128	212
128	222
128	224
128	225
128	229
128	230
128	231
128	233
128	236
128	239
128	240
128	248
129	133
129	134
129	136
129	138
129	145
129	151
129	152
129	154
129	156
129	160
129	163
129	167
129	168
129	170
129	173
129	180
129	181
129	190
129	200
129	204
129	207
129	210
129	214
129	221
129	229
129	232
129	242
129	243
129	244
129	247
129	249
130	134
130	140
130	142
130	143
130	146
130	149
130	152
130	155
130	157
130	159
130	163
130	174
130	185
130	188
130	190
130	198
130	202
130	208
130	209
130	210
130	213
130	214
130	218
130	221
130	225
130	234
130	236
130	241
130	245
131	133
131	137
131	140
131	145
131	149
131	154
131	162
131	163
131	177
131	183
131	188
131	194
131	203
131	204
131	214
131	220
131	233
131	239
131	242
131	248
132	133
132	135
132	136
132	141
132	143
132	163
132	171
132	185
132	187
132	188
132	190
132	196
132	197
132	198
132	201
132	202
132	205
132	206
132	208
132	209
132	210
132	214
132	224
132	225
132	231
132	235
132	245
132	246
132	248
133	141
133	143
133	152
133	154
133	166
133	169
133	174
133	183
133	184
133	190
133	192
133	201
133	202
133	210
133	212
133	213
133	216
133	219
133	227
133	228
134	135
134	138
134	140
134	144
134	145
134	146
134	147
134	150
134	156
134	157
134	161
134	164
134	169
134	173
134	174
134	175
134	177
134	181
134	190
134	200
134	206
134	210
134	211
134	213
134	226
134	230
134	234
134	235
134	236
134	242
134	245
135	138
135	140
135	142
135	147
135	152
135	155
135	159
135	163
135	173
135	180
135	182
135	189
135	198
135	201
135	209
135	213
135	216
135	217
135	229
135	231
135	234
135	236
135	239
135	240
135	241
135	243
135	246
135	248
135	250
136	138
136	139
136	141
136	146
136	150
136	161
136	165
136	179
136	184
136	188
136	189
136	191
136	202
136	210
136	211
136	216
136	218
136	225
136	230
136	236
136	237
136	238
136	240
136	241
136	245
136	246
136	248
137	147
137	154
137	155
137	158
137	159
137	163
137	168
137	173
137	174
137	175
137	176
137	178
137	184
137	190
137	191
137	194
137	202
137	207
137	212
137	215
137	217
137	224
137	229
137	240
137	242
137	243
137	250
138	141
138	143
138	144
138	145
138	147
138	154
138	156
138	165
138	169
138	175
138	183
138	190
138	195
138	197
138	203
138	208
138	215
138	218
138	220
138	223
138	231
138	232
138	240
138	241
138	242
138	249
138	250
139	141
139	142
139	144
139	153
139	155
139	162
139	173
139	175
139	178
139	179
139	185
139	186
139	192
139	202
139	208
139	212
139	213
139	214
139	216
139	217
139	219
139	221
139	222
139	225
139	228
139	231
139	233
139	234
139	236
139	237
139	244
139	246
139	249
140	141
140	144
140	145
140	148
140	159
140	160
140	163
140	170
140	172
140	174
140	181
140	195
140	196
140	199
140	211
140	212
140	213
140	214
140	216
140	219
140	226
140	230
140	237
140	239
140	242
140	248
140	250
141	145
141	147
141	149
141	152
141	154
141	158
141	163
141	166
141	167
141	169
141	172
141	175
141	186
141	190
141	197
141	202
141	212
141	214
141	222
141	230
141	232
141	235
141	236
141	238
142	143
142	153
142	163
142	165
142	169
142	173
142	179
142	189
142	193
142	197
142	198
142	209
142	212
142	214
142	217
142	220
142	222
142	226
142	228
142	236
142	237
142	238
142	243
142	246
142	250
143	144
143	149
143	156
143	157
143	159
143	173
143	184
143	186
143	187
143	188
143	189
143	194
143	199
143	200
143	201
143	203
143	204
143	210
143	213
143	215
143	217
143	221
143	228
143	234
143	236
143	237
143	239
143	240
143	243
143	250
144	148
144	152
144	158
144	159
144	160
144	161
144	163
144	165
144	175
144	177
144	181
144	187
144	189
144	190
144	198
144	203
144	204
144	214
144	222
144	228
144	238
144	240
144	244
144	247
144	248
144	250
145	149
145	152
145	156
145	167
145	168
145	174
145	180
145	186
145	187
145	188
145	201
145	204
145	207
145	209
145	210
145	213
145	214
145	216
145	220
145	221
145	222
145	227
145	231
145	232
145	235
145	247
146	148
146	150
146	152
146	161
146	165
146	168
146	169
146	170
146	173
146	174
146	178
146	187
146	189
146	192
146	207
146	209
146	213
146	218
146	223
146	224
146	226
146	237
146	239
146	242
146	246
147	149
147	151
147	153
147	154
147	161
147	166
147	167
147	175
147	177
147	179
147	180
147	183
147	197
147	198
147	199
147	203
147	214
147	219
147	222
147	223
147	224
147	225
147	226
147	236
147	237
147	238
147	239
148	156
148	158
148	163
148	165
148	166
148	169
148	170
148	175
148	177
148	178
148	195
148	196
148	209
148	212
148	221
148	224
148	235
148	244
148	248
149	152
149	159
149	160
149	164
149	171
149	172
149	174
149	177
149	184
149	190
149	194
149	195
149	202
149	206
149	207
149	208
149	210
149	211
149	214
149	215
149	220
149	222
149	224
149	226
149	228
149	232
149	233
149	236
149	241
149	242
149	246
149	248
150	151
150	154
150	156
150	159
150	160
150	161
150	165
150	166
150	170
150	171
150	177
150	190
150	194
150	197
150	200
150	206
150	207
150	213
150	214
150	217
150	219
150	222
150	226
150	231
150	238
150	239
151	153
151	155
151	157
151	158
151	161
151	170
151	173
151	176
151	183
151	188
151	191
151	193
151	197
151	200
151	205
151	206
151	207
151	208
151	223
151	225
151	231
151	232
151	242
151	245
152	154
152	157
152	162
152	163
152	169
152	173
152	178
152	181
152	184
152	185
152	187
152	189
152	199
152	212
152	214
152	215
152	216
152	229
152	239
152	240
152	242
153	157
153	161
153	162
153	169
153	170
153	179
153	182
153	183
153	185
153	189
153	195
153	199
153	201
153	203
153	205
153	209
153	210
153	211
153	215
153	223
153	225
153	228
153	233
153	239
153	245
154	156
154	161
154	162
154	165
154	167
154	168
154	170
154	175
154	189
154	193
154	194
154	195
154	198
154	202
154	204
154	205
154	207
154	208
154	210
154	212
154	213
154	218
154	222
154	226
154	228
154	229
154	239
154	241
154	243
154	246
154	249
155	156
155	159
155	162
155	169
155	176
155	177
155	178
155	183
155	192
155	193
155	198
155	209
155	216
155	225
155	230
155	232
155	238
155	245
155	247
156	160
156	168
156	170
156	173
156	174
156	175
156	176
156	177
156	187
156	199
156	200
156	201
156	214
156	217
156	219
156	220
156	223
156	226
156	228
156	229
156	231
156	234
156	236
156	237
156	238
156	240
156	243
156	244
156	248
157	159
157	168
157	172
157	184
157	188
157	189
157	192
157	197
157	201
157	204
157	206
157	213
157	214
157	217
157	220
157	221
157	227
157	230
157	234
157	235
157	238
157	239
157	242
157	247
157	248
157	250
158	159
158	160
158	163
158	164
158	165
158	173
158	176
158	177
158	178
158	188
158	189
158	194
158	203
158	222
158	225
158	226
158	229
158	231
158	232
158	235
158	236
158	240
158	244
158	248
158	250
159	162
159	163
159	169
159	172
159	173
159	177
159	183
159	185
159	186
159	191
159	193
159	194
159	195
159	198
159	210
159	212
159	213
159	215
159	216
159	222
159	226
159	229
159	230
159	235
159	240
159	243
159	247
159	250
160	163
160	164
160	173
160	174
160	176
160	177
160	180
160	184
160	186
160	193
160	195
160	196
160	198
160	200
160	201
160	202
160	204
160	205
160	207
160	209
160	210
160	221
160	227
160	234
160	235
160	239
160	240
160	248
161	164
161	168
161	170
161	176
161	181
161	182
161	184
161	191
161	192
161	194
161	198
161	199
161	200
161	202
161	205
161	211
161	212
161	213
161	214
161	229
161	237
161	243
161	246
161	250
162	165
162	166
162	167
162	168
162	169
162	177
162	183
162	185
162	186
162	192
162	194
162	195
162	199
162	208
162	211
162	213
162	218
162	222
162	224
162	226
162	228
162	235
162	237
162	247
162	248
162	249
163	170
163	176
163	178
163	182
163	184
163	185
163	188
163	190
163	199
163	202
163	205
163	206
163	219
163	221
163	230
163	232
163	233
163	235
163	243
163	246
163	247
164	170
164	171
164	172
164	179
164	183
164	184
164	185
164	186
164	189
164	191
164	192
164	194
164	196
164	197
164	199
164	202
164	203
164	205
164	207
164	210
164	212
164	220
164	221
164	228
164	234
164	235
164	237
164	243
164	245
165	166
165	167
165	170
165	176
165	181
165	186
165	191
165	192
165	193
165	195
165	199
165	200
165	202
165	210
165	214
165	217
165	222
165	225
165	226
165	237
165	239
165	240
165	241
165	245
165	247
166	167
166	169
166	170
166	172
166	176
166	180
166	182
166	185
166	186
166	189
166	190
166	194
166	198
166	199
166	200
166	201
166	204
166	230
166	237
166	238
166	248
167	168
167	173
167	179
167	181
167	183
167	184
167	189
167	192
167	193
167	194
167	197
167	199
167	201
167	204
167	211
167	216
167	217
167	218
167	226
167	228
167	232
167	233
167	235
167	236
167	238
167	240
167	243
167	246
167	249
167	250
168	169
168	170
168	172
168	174
168	179
168	184
168	191
168	194
168	197
168	201
168	204
168	213
168	215
168	217
168	220
168	221
168	228
168	244
168	245
168	248
169	170
169	173
169	178
169	183
169	185
169	191
169	192
169	194
169	198
169	199
169	207
169	210
169	213
169	214
169	218
169	220
169	223
169	224
169	226
169	227
169	231
169	234
169	237
169	239
169	245
169	247
169	250
170	174
170	177
170	179
170	181
170	182
170	183
170	187
170	188
170	192
170	195
170	200
170	201
170	204
170	206
170	213
170	218
170	220
170	223
170	235
170	237
170	238
170	249
171	174
171	176
171	182
171	183
171	184
171	190
171	193
171	196
171	198
171	199
171	201
171	207
171	209
171	210
171	215
171	218
171	219
171	226
171	235
171	240
171	242
172	176
172	179
172	180
172	183
172	184
172	186
172	191
172	193
172	195
172	196
172	200
172	203
172	204
172	205
172	210
172	211
172	213
172	215
172	216
172	220
172	221
172	224
172	226
172	228
172	231
172	233
172	234
172	244
173	179
173	181
173	186
173	191
173	198
173	203
173	204
173	206
173	208
173	211
173	212
173	213
173	214
173	215
173	218
173	221
173	225
173	230
173	233
173	238
173	244
173	245
173	246
173	247
173	250
174	180
174	182
174	183
174	186
174	188
174	192
174	196
174	199
174	201
174	203
174	204
174	206
174	207
174	209
174	210
174	212
174	213
174	216
174	218
174	220
174	225
174	226
174	228
174	231
174	232
174	234
174	242
174	243
174	249
174	250
175	181
175	186
175	187
175	190
175	192
175	194
175	195
175	196
175	197
175	201
175	202
175	205
175	208
175	210
175	214
175	216
175	222
175	223
175	224
175	231
175	234
175	235
175	236
175	238
175	239
175	241
176	178
176	180
176	183
176	187
176	188
176	189
176	191
176	195
176	196
176	203
176	206
176	208
176	209
176	212
176	213
176	214
176	215
176	218
176	219
176	221
176	222
176	224
176	231
176	234
176	235
176	236
176	240
176	247
176	249
177	179
177	180
177	184
177	187
177	188
177	189
177	193
177	195
177	199
177	200
177	207
177	210
177	212
177	214
177	217
177	218
177	219
177	222
177	225
177	227
177	231
177	233
177	236
177	238
177	245
177	246
177	247
177	250
178	180
178	186
178	192
178	196
178	202
178	205
178	207
178	211
178	212
178	215
178	220
178	221
178	225
178	229
178	231
178	233
178	234
178	241
178	245
178	246
179	182
179	186
179	187
179	188
179	189
179	190
179	198
179	199
179	202
179	204
179	206
179	212
179	213
179	220
179	222
179	224
179	225
179	228
179	229
179	230
179	232
179	233
179	235
179	238
179	244
179	248
180	182
180	185
180	196
180	198
180	199
180	200
180	202
180	204
180	206
180	207
180	208
180	211
180	212
180	219
180	221
180	222
180	224
180	230
180	232
180	233
180	240
180	241
180	248
180	249
181	182
181	184
181	189
181	190
181	191
181	192
181	196
181	197
181	199
181	200
181	206
181	207
181	208
181	209
181	211
181	214
181	217
181	219
181	220
181	222
181	224
181	226
181	234
181	237
181	246
181	247
181	250
182	183
182	185
182	186
182	190
182	191
182	195
182	198
182	201
182	203
182	208
182	211
182	218
182	221
182	222
182	230
182	235
182	244
182	246
182	248
182	249
182	250
183	185
183	186
183	187
183	189
183	191
183	196
183	197
183	198
183	199
183	200
183	204
183	209
183	215
183	216
183	218
183	219
183	221
183	222
183	226
183	227
183	228
183	229
183	231
183	232
183	233
183	239
183	240
183	242
183	244
183	246
183	247
184	185
184	186
184	191
184	194
184	198
184	202
184	207
184	208
184	210
184	213
184	219
184	220
184	221
184	222
184	229
184	230
184	232
184	241
184	242
184	243
184	244
184	247
185	186
185	188
185	199
185	202
185	205
185	210
185	211
185	212
185	213
185	214
185	217
185	218
185	219
185	226
185	228
185	231
185	232
185	236
185	238
185	245
185	249
185	250
186	187
186	190
186	195
186	196
186	197
186	202
186	204
186	205
186	207
186	211
186	212
186	215
186	216
186	217
186	231
186	232
186	234
186	236
186	238
186	241
186	250
187	188
187	192
187	200
187	203
187	204
187	206
187	209
187	211
187	214
187	215
187	219
187	221
187	225
187	226
187	227
187	229
187	230
187	231
187	236
187	239
187	242
187	247
187	249
188	191
188	192
188	195
188	197
188	199
188	201
188	204
188	206
188	207
188	210
188	214
188	217
188	220
188	224
188	225
188	227
188	230
188	232
188	234
188	237
188	239
188	242
188	248
189	193
189	194
189	195
189	197
189	199
189	200
189	201
189	202
189	206
189	208
189	209
189	214
189	216
189	220
189	221
189	222
189	226
189	227
189	228
189	231
189	235
189	239
189	242
189	243
189	244
189	248
190	192
190	194
190	195
190	197
190	199
190	204
190	211
190	212
190	214
190	215
190	216
190	217
190	219
190	223
190	225
190	229
190	230
190	231
190	232
190	233
190	234
190	236
190	238
190	239
190	242
190	243
190	248
191	192
191	195
191	199
191	200
191	205
191	210
191	212
191	213
191	215
191	216
191	217
191	220
191	221
191	222
191	230
191	231
191	232
191	235
191	236
191	237
191	238
191	239
191	240
191	242
191	243
191	244
191	247
191	248
191	249
192	193
192	200
192	202
192	203
192	204
192	207
192	216
192	218
192	221
192	223
192	224
192	225
192	227
192	230
192	233
192	238
192	242
192	245
192	246
192	248
192	249
193	198
193	200
193	202
193	203
193	204
193	205
193	207
193	209
193	212
193	214
193	218
193	219
193	221
193	223
193	226
193	227
193	230
193	231
193	233
193	236
193	238
193	239
193	241
193	244
193	245
193	246
193	248
193	249
194	197
194	207
194	217
194	218
194	220
194	222
194	223
194	224
194	225
194	229
194	230
194	231
194	235
194	236
194	239
194	241
194	245
194	246
194	247
194	250
195	199
195	201
195	204
195	205
195	207
195	208
195	209
195	211
195	212
195	213
195	217
195	218
195	222
195	226
195	231
195	232
195	233
195	234
195	235
195	237
195	239
195	240
195	244
195	246
196	200
196	202
196	203
196	204
196	205
196	206
196	207
196	208
196	211
196	213
196	215
196	216
196	217
196	223
196	225
196	228
196	230
196	231
196	232
196	233
196	235
196	236
196	238
196	239
196	240
196	241
196	244
196	247
196	248
197	202
197	207
197	208
197	210
197	212
197	214
197	217
197	218
197	219
197	220
197	221
197	222
197	227
197	229
197	230
197	231
197	232
197	233
197	234
197	236
197	237
197	238
197	243
197	249
198	200
198	201
198	204
198	210
198	211
198	213
198	215
198	218
198	219
198	221
198	222
198	226
198	227
198	229
198	230
198	232
198	233
198	236
198	238
198	239
198	240
198	243
198	244
198	245
198	247
199	200
199	201
199	202
199	205
199	208
199	211
199	212
199	215
199	220
199	221
199	225
199	230
199	231
199	234
199	240
199	241
199	246
199	248
200	207
200	208
200	211
200	212
200	216
200	217
200	218
200	219
200	220
200	221
200	223
200	224
200	225
200	226
200	230
200	232
200	234
200	237
200	239
200	240
200	242
200	243
200	250
201	202
201	204
201	205
201	208
201	212
201	219
201	224
201	227
201	228
201	230
201	231
201	232
201	233
201	236
201	237
201	238
201	239
201	240
201	244
201	245
201	250
202	203
202	207
202	209
202	210
202	211
202	217
202	218
202	223
202	224
202	225
202	228
202	229
202	230
202	235
202	237
202	238
202	241
202	242
202	243
202	244
202	248
203	204
203	208
203	209
203	210
203	212
203	216
203	219
203	221
203	222
203	223
203	224
203	226
203	228
203	231
203	235
203	238
203	239
203	240
203	242
203	243
203	244
203	245
203	246
203	249
203	250
204	205
204	206
204	207
204	208
204	209
204	210
204	213
204	217
204	219
204	221
204	223
204	224
204	225
204	226
204	227
204	231
204	233
204	234
204	239
204	242
204	245
204	246
204	247
204	248
204	249
204	250
205	206
205	210
205	212
205	213
205	215
205	216
205	220
205	224
205	225
205	231
205	232
205	234
205	236
205	237
205	238
205	239
205	241
205	242
205	243
205	244
205	245
205	248
205	249
205	250
206	207
206	209
206	210
206	212
206	213
206	214
206	215
206	217
206	220
206	222
206	229
206	231
206	233
206	236
206	237
206	241
206	242
206	243
206	245
206	247
206	250
207	212
207	213
207	214
207	216
207	217
207	219
207	220
207	222
207	224
207	225
207	228
207	231
207	233
207	235
207	238
207	240
207	242
207	246
207	247
207	248
207	249
208	209
208	210
208	214
208	219
208	223
208	224
208	225
208	226
208	228
208	229
208	230
208	232
208	234
208	236
208	237
208	238
208	239
208	240
208	242
208	243
208	244
208	246
208	247
208	248
208	249
209	214
209	216
209	217
209	220
209	222
209	224
209	226
209	229
209	231
209	232
209	233
209	234
209	235
209	237
209	241
209	244
209	247
209	248
209	250
210	211
210	213
210	215
210	216
210	218
210	220
210	222
210	223
210	224
210	225
210	227
210	230
210	232
210	233
210	234
210	235
210	236
210	238
210	240
210	241
210	244
210	245
210	246
210	248
211	214
211	215
211	216
211	217
211	218
211	219
211	220
211	221
211	222
211	223
211	224
211	226
211	229
211	231
211	232
211	239
211	241
211	242
211	246
211	249
211	250
212	213
212	215
212	220
212	221
212	226
212	228
212	232
212	234
212	235
212	236
212	238
212	239
212	240
212	243
212	245
212	247
212	248
212	249
212	250
213	214
213	215
213	216
213	219
213	221
213	224
213	225
213	226
213	227
213	232
213	233
213	234
213	236
213	238
213	239
213	241
213	242
213	243
213	247
213	248
214	215
214	217
214	220
214	222
214	223
214	224
214	226
214	227
214	228
214	229
214	234
214	236
214	237
214	239
214	241
214	242
214	243
214	244
214	246
214	247
214	250
215	217
215	219
215	220
215	221
215	222
215	224
215	225
215	226
215	227
215	231
215	232
215	233
215	235
215	237
215	238
215	239
215	240
215	242
215	244
215	246
215	247
215	249
215	250
216	217
216	218
216	219
216	220
216	226
216	227
216	228
216	229
216	234
216	236
216	237
216	238
216	239
216	241
216	242
216	244
216	245
216	246
216	248
216	249
217	218
217	219
217	220
217	221
217	222
217	223
217	225
217	226
217	231
217	232
217	233
217	235
217	237
217	238
217	239
217	241
217	242
217	243
217	244
217	246
217	247
217	248
217	249
218	219
218	221
218	222
218	223
218	224
218	225
218	226
218	227
218	228
218	229
218	231
218	233
218	236
218	237
218	238
218	239
218	240
218	242
218	243
218	245
218	246
218	247
218	248
218	249
219	220
219	221
219	222
219	225
219	226
219	227
219	228
219	229
219	230
219	232
219	233
219	234
219	235
219	238
219	239
219	240
219	241
219	242
219	245
219	247
219	248
219	249
219	250
220	221
220	222
220	223
220	224
220	226
220	228
220	229
220	230
220	231
220	232
220	234
220	235
220	236
220	237
220	239
220	240
220	241
220	243
220	245
220	246
220	247
220	248
220	249
221	223
221	226
221	227
221	228
221	229
221	230
221	231
221	233
221	234
221	238
221	240
221	241
221	242
221	244
221	246
221	247
221	248
221	249
222	223
222	224
222	225
222	226
222	227
222	228
222	229
222	230
222	231
222	232
222	233
222	234
222	235
222	236
222	238
222	242
222	243
222	244
222	246
222	247
222	248
222	249
222	250
223	224
223	225
223	226
223	228
223	230
223	232
223	233
223	234
223	236
223	237
223	238
223	239
223	242
223	245
223	246
223	248
223	250
224	225
224	226
224	229
224	230
224	231
224	232
224	233
224	234
224	235
224	236
224	237
224	238
224	241
224	242
224	243
224	244
224	245
224	249
224	250
225	227
225	228
225	229
225	230
225	231
225	232
225	233
225	236
225	237
225	239
225	240
225	242
225	243
225	244
225	245
225	246
225	247
226	228
226	229
226	230
226	231
226	233
226	235
226	236
226	238
226	240
226	243
226	244
226	246
227	229
227	231
227	232
227	233
227	234
227	235
227	236
227	237
227	238
227	239
227	244
227	245
227	246
227	247
227	248
227	249
227	250
228	229
228	230
228	232
228	233
228	234
228	236
228	237
228	239
228	240
228	242
228	244
228	245
228	246
228	247
228	248
228	249
228	250
229	230
229	232
229	234
229	236
229	237
229	238
229	240
229	241
229	242
229	243
229	244
229	246
229	247
229	248
229	249
229	250
230	231
230	236
230	239
230	240
230	241
230	243
230	244
230	245
230	246
230	247
230	248
230	249
231	232
231	234
231	235
231	237
231	238
231	239
231	240
231	241
231	242
231	243
231	244
231	245
231	246
231	247
231	248
231	249
231	250
232	233
232	234
232	235
232	236
232	238
232	239
232	241
232	242
232	244
232	245
232	246
232	247
232	248
232	250
233	234
233	235
233	236
233	237
233	238
233	239
233	240
233	241
233	242
233	243
233	244
233	245
233	246
233	247
233	248
233	249
233	250
234	235
234	236
234	237
234	238
234	240
234	241
234	242
234	243
234	244
234	245
234	246
234	247
234	248
234	249
234	250
235	236
235	237
235	238
235	240
235	241
235	242
235	243
235	244
235	246
235	247
235	249
235	250
236	237
236	238
236	239
236	240
236	241
236	242
236	243
236	244
236	246
236	247
236	248
236	249
236	250
237	238
237	239
237	240
237	241
237	242
237	243
237	244
237	245
237	246
237	247
237	249
238	239
238	240
238	241
238	242
238	243
238	244
238	245
238	246
238	247
238	248
238	249
238	250
239	240
239	241
239	242
239	243
239	244
239	245
239	247
239	248
239	250
240	241
240	243
240	244
240	245
240	246
240	247
240	248
240	249
240	250
241	242
241	243
241	244
241	245
241	246
241	247
241	248
241	249
241	250
242	243
242	244
242	245
242	246
242	247
242	248
242	249
242	250
243	244
243	245
243	246
243	247
243	248
243	249
243	250
244	245
244	246
244	247
244	248
244	249
244	250
245	246
245	247
245	248
245	249
245	250
246	247
246	248
246	249
246	250
247	248
247	249
247	250
248	249
248	250
249	250